t 1000 1050 
0 ppc 2.611000 0.076000 0.611054 0.023909 1.263000 0 0.2 DS0 sysmjd
t 1100 1150 
0 ppc 2.600000 0.077000 0.604186 0.023695 2.544000 0 0.2 DS1 sysmjd
t 1200 1250 
0 ppc 2.548000 0.078000 0.610044 0.029680 1.253000 0 0.2 DS2 sysmjd
t 1300 1350 
0 ppc 2.539000 0.077000 0.614436 0.030709 1.073000 0 0.2 DS3 sysmjd
t 1400 1450 
0 ppc 2.506000 0.123000 0.624808 0.033470 0.283000 0 0.2 DS4 sysmjd
t 1500 1550 
0 ppc 2.840000 0.077000 0.600877 0.030076 3.080000 0 0.2 DS5a sysmjd
t 1600 1650 
0 ppc 2.607000 0.084000 0.612279 0.029932 1.966000 0 0.2 DS5b sysmjd
t 1700 1750 
0 ppc 2.542000 0.081000 0.616562 0.030870 2.394000 0 0.2 DS5c sysmjd
t 1800 1850 
0 ppc 2.501000 0.077000 0.622295 0.025726 16.216000 0 0.2 DS6a sysmjd
t 1900 1950 
0 ppc 2.465000 0.077000 0.624200 0.026622 10.694000 0 0.2 DS6b sysmjd
t 2000 2050 
0 ppc 2.478000 0.077000 0.622567 0.026604 14.486000 0 0.2 DS6c sysmjd
t 2100 2150 
0 ppc 2.743000 0.076000 0.624090 0.031781 4.912000 0 0.2 DS7 sysmjd
t 2200 2250 
0 ppc 2.401000 0.077000 0.617523 0.029868 7.771000 0 0.2 DS8P sysmjd
t 2300 2350 
0 ppc 2.550000 0.092000 0.592331 0.033576 3.122000 0 0.2 DS8I sysmjd
